I
1000 Generated by WorldEditor

1     22 1 0 RJNY SHIZUHAMA
100 46.00 1 0 0.25 0 2 1 09  34.81231750  138.28986700    0   10 2 0 0 0 27  34.81299300  138.30624207    0   10 2 0 0 0
102 H2  34.81337287  138.29108203  88.00 12.00 12.00 2 0 0 0.00 1
102 H1  34.81127335  138.28995228  88.00 15.00 15.00 2 0 0 0.00 1
110 2 0.20 358.0000 New Taxiway 3
111  34.81320416  138.30633853
111  34.81356960  138.30658873
111  34.81398441  138.30656944
111  34.81402240  138.30655787
111  34.81404774  138.30653859
111  34.81407940  138.30651545
111  34.81410156  138.30645374
111  34.81413323  138.30636504
111  34.81352814  138.29277884
111  34.81352164  138.29264822
111  34.81353627  138.29257697
111  34.81355252  138.29251562
111  34.81359801  138.29244437
111  34.81364351  138.29239687
111  34.81369063  138.29236323
111  34.81375563  138.29233156
111  34.81394249  138.29233552
111  34.81397824  138.29233948
111  34.81400586  138.29236521
111  34.81403348  138.29240479
111  34.81406417  138.29249550
111  34.81416263  138.29458618
111  34.81389277  138.29460153
111  34.81390356  138.29489121
111  34.81416922  138.29486884
111  34.81418264  138.29531513
111  34.81411400  138.29531760
111  34.81412046  138.29570985
111  34.81427224  138.29570348
111  34.81426665  138.29531271
111  34.81446609  138.29530601
111  34.81451944  138.29459627
111  34.81462060  138.29459278
111  34.81456921  138.29325506
111  34.81471672  138.29324361
111  34.81470031  138.29288300
111  34.81468004  138.29218143
111  34.81485062  138.29216650
111  34.81483274  138.29169335
111  34.81493611  138.29168827
111  34.81496657  138.29085868
111  34.81497293  138.29036835
111  34.81493630  138.28953964
111  34.81487349  138.28953964
111  34.81485256  138.28922409
111  34.81436522  138.28923724
111  34.81435441  138.28885528
111  34.81353906  138.28887899
111  34.81404514  138.28928465
111  34.81405163  138.28970085
111  34.81370382  138.28973119
111  34.81328760  138.28941843
111  34.81287937  138.28943118
113  34.81251993  138.28974568
111  34.81329875  138.29128055
111  34.81329083  138.29131361
111  34.81327387  138.29133978
111  34.81324673  138.29135217
111  34.81309848  138.29135268
111  34.81309708  138.29134841
111  34.81307671  138.29130821
111  34.81304301  138.29128854
111  34.81299363  138.29128467
111  34.81295424  138.29131760
111  34.81291253  138.29135429
111  34.81264593  138.29135695
111  34.81261817  138.29132064
111  34.81259452  138.29129434
111  34.81255749  138.29032836
111  34.81256953  138.29029353
111  34.81259813  138.29021470
111  34.81264178  138.29014320
111  34.81270199  138.29006987
111  34.81278628  138.29002587
111  34.81288713  138.29002220
111  34.81295938  138.29005337
111  34.81304819  138.29012120
111  34.81313248  138.29020553
111  34.81319419  138.29030820
111  34.81323935  138.29043837
113  34.81327999  138.29057953
111  34.81332740  138.29187504
111  34.81331058  138.29197636
111  34.81327787  138.29205718
111  34.81323113  138.29212548
111  34.81316197  138.29216646
111  34.81307113  138.29219675
111  34.81296783  138.29219109
111  34.81286873  138.29217085
111  34.81279421  138.29211775
111  34.81270009  138.29204266
111  34.81266158  138.29198612
111  34.81262042  138.29192507
111  34.81260481  138.29156643
111  34.81260713  138.29153887
111  34.81262396  138.29151837
111  34.81264021  138.29150140
111  34.81265529  138.29148939
111  34.81292639  138.29147260
111  34.81293023  138.29148427
111  34.81294554  138.29150137
111  34.81296150  138.29152470
111  34.81299406  138.29153014
111  34.81301768  138.29153014
111  34.81304258  138.29152859
111  34.81306939  138.29151614
111  34.81308391  138.29150638
111  34.81310755  138.29145504
111  34.81323812  138.29144628
111  34.81325560  138.29144753
111  34.81328233  138.29146130
113  34.81330700  138.29150137
111  34.81365030  138.29177013
111  34.81362978  138.29186680
111  34.81359283  138.29190346
111  34.81353810  138.29189846
111  34.81349704  138.29187513
111  34.81348336  138.29181013
111  34.81343122  138.29022223
111  34.81343670  138.29019390
111  34.81345038  138.29017556
111  34.81349143  138.29015056
111  34.81352838  138.29016390
111  34.81357353  138.29019223
113  34.81359816  138.29027223
111  34.81341498  138.29373336
111  34.81341498  138.29377844
111  34.81339442  138.29382477
111  34.81336152  138.29386109
111  34.81331732  138.29388488
111  34.81281724  138.29391289
111  34.81275753  138.29390532
111  34.81273141  138.29387653
111  34.81269782  138.29383259
111  34.81265501  138.29279497
111  34.81265986  138.29275363
111  34.81267198  138.29269458
111  34.81270834  138.29262372
111  34.81274228  138.29257057
111  34.81280531  138.29249085
111  34.81289500  138.29244361
111  34.81297015  138.29241113
111  34.81309136  138.29240523
111  34.81315923  138.29240523
111  34.81323438  138.29243771
111  34.81329741  138.29251742
111  34.81334347  138.29259124
113  34.81337256  138.29269458
111  34.81363520  138.29873189
111  34.81361796  138.29877777
111  34.81360200  138.29880809
111  34.81357200  138.29881664
111  34.81347689  138.29882286
111  34.81346476  138.29880187
111  34.81344816  138.29876533
111  34.81338114  138.29872425
111  34.81331548  138.29873742
111  34.81326759  138.29877787
111  34.81323670  138.29883620
111  34.81296601  138.29885419
111  34.81292669  138.29884307
111  34.81290843  138.29882426
111  34.81270824  138.29411916
111  34.81271235  138.29408910
111  34.81272571  138.29406406
111  34.81274525  138.29403651
111  34.81277609  138.29402274
111  34.81334642  138.29396760
111  34.81337953  138.29398044
111  34.81340361  138.29400427
113  34.81342168  138.29404644
111  34.81366752  138.29928127
111  34.81366004  138.29932339
111  34.81364883  138.29941332
111  34.81360116  138.29953171
111  34.81353294  138.29959432
111  34.81345606  138.29964279
111  34.81325702  138.29963728
111  34.81318238  138.29962489
111  34.81311000  138.29957392
111  34.81304492  138.29952710
111  34.81297707  138.29944195
111  34.81292978  138.29936056
111  34.81291127  138.29903749
111  34.81292464  138.29899867
111  34.81295240  138.29898365
111  34.81298015  138.29896987
111  34.81325287  138.29896682
111  34.81326969  138.29899528
111  34.81330427  138.29902829
111  34.81334913  138.29903626
111  34.81339026  138.29902829
111  34.81342577  138.29901691
111  34.81345287  138.29898276
111  34.81347811  138.29893836
111  34.81360241  138.29893039
111  34.81361924  138.29893609
111  34.81363699  138.29895088
113  34.81364727  138.29899187
111  34.81377048  138.30184009
111  34.81375834  138.30190725
111  34.81373217  138.30194368
111  34.81369852  138.30196417
111  34.81311592  138.30200022
111  34.81308508  138.30199453
111  34.81305985  138.30196380
111  34.81303181  138.30189891
111  34.81296192  138.30025017
111  34.81296870  138.30021849
111  34.81298454  138.30017579
111  34.81300489  138.30011243
111  34.81304059  138.30004134
111  34.81307884  138.29997923
111  34.81314987  138.29991933
111  34.81321726  138.29987497
111  34.81331379  138.29984835
111  34.81346131  138.29984391
111  34.81353781  138.29986609
111  34.81359973  138.29990824
111  34.81365073  138.29997036
111  34.81368169  138.30004134
113  34.81369808  138.30012342
111  34.81382838  138.30326598
111  34.81381469  138.30329326
111  34.81379230  138.30332507
111  34.81376369  138.30334629
111  34.81316958  138.30336443
111  34.81312378  138.30335874
111  34.81310135  138.30334053
111  34.81308547  138.30330410
111  34.81304336  138.30223029
111  34.81305207  138.30219544
111  34.81305705  138.30216665
111  34.81306078  138.30214847
111  34.81308690  138.30211817
111  34.81310805  138.30209392
111  34.81313044  138.30208180
111  34.81370458  138.30205030
111  34.81372237  138.30205030
111  34.81374016  138.30205696
111  34.81376479  138.30208197
111  34.81377300  138.30211030
113  34.81377847  138.30216697
111  34.81384255  138.30367308
111  34.81383235  138.30371034
111  34.81380516  138.30372586
111  34.81374569  138.30373310
111  34.81371340  138.30373207
111  34.81369726  138.30371862
111  34.81369641  138.30367619
111  34.81369556  138.30362858
111  34.81369046  138.30359236
111  34.81366837  138.30356856
111  34.81364033  138.30355925
111  34.81361314  138.30354786
111  34.81359955  138.30350957
111  34.81359275  138.30347128
111  34.81359700  138.30343713
111  34.81362419  138.30342264
111  34.81377797  138.30341954
111  34.81380091  138.30342885
111  34.81381876  138.30344955
113  34.81383490  138.30348370
111  34.81392361  138.30537588
111  34.81391404  138.30550589
111  34.81389077  138.30562589
111  34.81384014  138.30578255
111  34.81377036  138.30590089
111  34.81367320  138.30598089
111  34.81358915  138.30601748
111  34.81349457  138.30602374
111  34.81341335  138.30599619
111  34.81333110  138.30594360
111  34.81327661  138.30587598
111  34.81323549  138.30581087
111  34.81318820  138.30567938
111  34.81309712  138.30353741
111  34.81310647  138.30351009
111  34.81311862  138.30348732
111  34.81313544  138.30347024
111  34.81316628  138.30346228
111  34.81341824  138.30345981
111  34.81344161  138.30346664
111  34.81346778  138.30348941
111  34.81346965  138.30352925
111  34.81348086  138.30372505
111  34.81349675  138.30378083
111  34.81351825  138.30381498
111  34.81354535  138.30384002
111  34.81364349  138.30383547
111  34.81368461  138.30383547
111  34.81370050  138.30380929
111  34.81371732  138.30379107
111  34.81379490  138.30379107
111  34.81381546  138.30379563
111  34.81383789  138.30380587
113  34.81384910  138.30384572
110 2 0.20 358.0000 New Taxiway 2
111  34.81194100  138.28980819
111  34.81193856  138.28984239
111  34.81147235  138.28985898
111  34.81142936  138.28977662
111  34.81135249  138.28971034
111  34.81122882  138.28970417
111  34.81113964  138.28977061
111  34.81107596  138.28988288
111  34.81098821  138.28988726
111  34.81096229  138.28906407
111  34.81039617  138.28907341
111  34.81009053  138.28987844
111  34.81100791  138.29060494
111  34.81099806  138.29005137
111  34.81108564  138.29005137
111  34.81115356  138.29015804
111  34.81126208  138.29020999
111  34.81136765  138.29019369
111  34.81144290  138.29011699
111  34.81147733  138.29001522
111  34.81211646  138.28999361
113  34.81210792  138.28980032
130 Airport Boundary 17
111  34.81086678  138.28769450
111  34.81004141  138.28987220
111  34.81100970  138.29068086
111  34.81180409  138.30811975
111  34.81436942  138.30805421
111  34.81463851  138.30752987
111  34.81463851  138.30694000
111  34.81453088  138.30497375
111  34.81443936  138.30155325
111  34.81420979  138.29775918
111  34.81433232  138.29713513
111  34.81450306  138.29635027
111  34.81467797  138.29536362
111  34.81478843  138.29448909
111  34.81492652  138.29279609
111  34.81504593  138.29029529
113  34.81487270  138.28768850
120 Linear Feature 32
111  34.81265412  138.29307830 20
115  34.81224694  138.29309822
120 Linear Feature 31
111  34.81258643  138.29142283 20
115  34.81217731  138.29144378
120 Linear Feature 30
111  34.81262093  138.29225344 22
115  34.81221211  138.29227698
120 Linear Feature 29
111  34.81306478  138.30300346 20
115  34.81265465  138.30302975
120 Linear Feature 28
111  34.81309946  138.30382376 22
115  34.81269185  138.30384545
120 Linear Feature 27
111  34.81312915  138.30465382 20
115  34.81272866  138.30467768
120 Linear Feature 34
111  34.81058470  138.29023019 22
111  34.81057390  138.28979859 22
111  34.81043000  138.28980221 22
111  34.81042101  138.28943053 22
115  34.81028946  138.28943434
120 Linear Feature 33
111  34.81436895  138.28927047 22
115  34.81450338  138.29274573
120 Linear Feature 26
111  34.81353307  138.29217271 51
111  34.81350230  138.29218433 51
112  34.81347924  138.29219982  34.81347339  138.29220509 51
112  34.81345767  138.29223256  34.81345003  138.29224642 51
112  34.81344194  138.29228684  34.81343889  138.29230292 51
112  34.81343526  138.29234461  34.81343305  138.29236410 51
115  34.81343162  138.29240010
120 Linear Feature 25
111  34.81354316  138.28989288 51
111  34.81362459  138.28989223 51
112  34.81365916  138.28990756  34.81367322  138.28991620 51
112  34.81370472  138.28995147  34.81371586  138.28996934 51
112  34.81373692  138.29002873  34.81374493  138.29005928 51
111  34.81374643  138.29015759 51
111  34.81380952  138.29184025 51
111  34.81381387  138.29194022 51
112  34.81380383  138.29203284  34.81379780  138.29205213 51
112  34.81377389  138.29210068  34.81376471  138.29211635 51
112  34.81372754  138.29214932  34.81370820  138.29216097 51
112  34.81366337  138.29217442  34.81363765  138.29217749 51
111  34.81353315  138.29217213 51
112  34.81349908  138.29215226  34.81348962  138.29214568 51
112  34.81346820  138.29210762  34.81345868  138.29208987 51
112  34.81344071  138.29204860  34.81343321  138.29202917 51
112  34.81342078  138.29197526  34.81341672  138.29195221 51
115  34.81340844  138.29189080
120 Linear Feature 24
111  34.81316018  138.29975687 51
112  34.81308816  138.29977563  34.81306993  138.29978087 51
112  34.81301104  138.29981121  34.81299594  138.29982150 51
112  34.81294268  138.29987077  34.81292233  138.29989045 51
112  34.81287850  138.29995076  34.81286066  138.29997792 51
112  34.81282196  138.30006393  34.81280824  138.30009705 51
112  34.81277840  138.30020248  34.81276888  138.30024377 51
112  34.81275861  138.30034464  34.81275527  138.30037292 51
116  34.81275363  138.30044217  34.81275482  138.30047346
120 Linear Feature 23
111  34.81343986  138.29974955 51
111  34.81353469  138.29975778 51
111  34.81362311  138.29979086 51
111  34.81367069  138.29983254 51
112  34.81370792  138.29987607  34.81372021  138.29989511 51
112  34.81374670  138.29995357  34.81375692  138.29998475 51
112  34.81376580  138.30003875  34.81376804  138.30005395 51
115  34.81377235  138.30011587
120 Linear Feature 22
111  34.81373520  138.29927278 51
112  34.81372746  138.29942650  34.81371757  138.29946024 51
112  34.81369598  138.29954671  34.81367895  138.29958490 51
112  34.81362685  138.29965896  34.81359939  138.29969160 51
112  34.81353589  138.29972688  34.81349038  138.29974857 51
112  34.81343696  138.29974996  34.81342904  138.29974996 51
111  34.81316045  138.29975709 51
112  34.81308871  138.29974384  34.81305705  138.29973420 51
112  34.81298569  138.29968793  34.81295205  138.29966383 51
112  34.81288053  138.29958467  34.81284542  138.29954654 51
112  34.81278499  138.29944377  34.81275888  138.29939541 51
112  34.81272544  138.29926932  34.81270763  138.29920716 51
115  34.81268977  138.29900903
120 Linear Feature 13
111  34.81287628  138.29001524 54
115  34.81285887  138.28946913
120 Linear Feature 20
111  34.81314114  138.29230840 51
112  34.81324825  138.29232994  34.81326851  138.29234052 51
112  34.81334376  138.29241043  34.81336201  138.29243222 51
112  34.81340746  138.29252320  34.81341758  138.29255036 51
112  34.81343646  138.29264395  34.81343995  138.29266271 51
115  34.81344746  138.29273010
120 Linear Feature 21
111  34.81282425  138.29230771 51
111  34.81272568  138.29233472 51
111  34.81262570  138.29239957 51
112  34.81254451  138.29248549  34.81252447  138.29251476 51
112  34.81248503  138.29259083  34.81247422  138.29262046 51
112  34.81246070  138.29269948  34.81245800  138.29272746 51
111  34.81244989  138.29285091 51
115  34.81244719  138.29297766
120 Linear Feature 19
111  34.81239225  138.29159087 51
111  34.81239660  138.29173933 51
112  34.81242095  138.29188106  34.81243389  138.29192954 51
112  34.81249703  138.29207845  34.81252097  138.29211821 51
112  34.81260337  138.29220855  34.81263145  138.29223176 51
112  34.81272091  138.29228013  34.81275494  138.29229798 51
111  34.81282367  138.29230863 51
111  34.81314150  138.29230800 51
112  34.81324271  138.29226527  34.81327898  138.29223940 51
112  34.81335226  138.29214562  34.81337692  138.29210197 51
112  34.81340507  138.29200070  34.81341349  138.29194909 51
115  34.81340662  138.29182520
120 Linear Feature 18
111  34.81334289  138.29035369 51
111  34.81333978  138.29014642 51
112  34.81337522  138.28997675  34.81340040  138.28994052 51
116  34.81354274  138.28989337  34.81361200  138.28989337
120 Linear Feature 17
111  34.81314992  138.30596792 51
112  34.81333873  138.30612726  34.81340414  138.30615442 51
112  34.81367321  138.30615442  34.81371187  138.30614174 51
112  34.81385096  138.30605159  34.81390097  138.30599891 51
112  34.81398753  138.30583014  34.81400227  138.30578225 51
111  34.81401210  138.30561315 51
111  34.81400595  138.30541562 51
111  34.81334175  138.29035376 51
112  34.81332978  138.29025170  34.81332020  138.29021087 51
112  34.81323359  138.29002894  34.81318976  138.28997152 51
112  34.81308557  138.28989010  34.81302811  138.28985511 51
111  34.81296335  138.28984854 51
111  34.81288960  138.28984635 51
112  34.81274171  138.28987336  34.81271554  138.28988730 51
112  34.81262560  138.28995104  34.81258472  138.28999884 51
111  34.81253566  138.29006855 51
111  34.81250623  138.29012432 51
115  34.81250623  138.29012233
120 Linear Feature 16
111  34.81358100  138.30658576 54
115  34.81356315  138.30602931
120 Linear Feature 15
111  34.81329805  138.29984145 54
115  34.81329156  138.29964770
120 Linear Feature 14
111  34.81297512  138.29239972 54
115  34.81297116  138.29219246
120 Linear Feature 12
111  34.81173519  138.28984839 54
115  34.81173878  138.29000556
120 Linear Feature 11
111  34.81094736  138.28996135 51
111  34.81088195  138.28991789 51
111  34.81084478  138.28987081 51
111  34.81083735  138.28978390 51
111  34.81082494  138.28936727 51
111  34.81081008  138.28933286 51
111  34.81078681  138.28931857 51
115  34.81074667  138.28931857
120 Linear Feature 10
111  34.81094885  138.28996497 51
111  34.81088938  138.28999394 51
111  34.81085816  138.29005369 51
115  34.81085965  138.29020397
120 Linear Feature 5
111  34.81359707  138.29028142 102
111  34.81355858  138.29019435 102
111  34.81351642  138.29016756 102
111  34.81348525  138.29016086 102
111  34.81344309  138.29020105 102
111  34.81344126  138.29023454 102
111  34.81349781  138.29179695 102
111  34.81350513  138.29186530 102
111  34.81354173  138.29188610 102
111  34.81357833  138.29188610 102
111  34.81362469  138.29185044 102
113  34.81364909  138.29175831 102
120 Linear Feature 4
111  34.81263103  138.29190442 102
111  34.81269958  138.29202231 102
111  34.81281452  138.29211318 102
111  34.81288308  138.29215739 102
111  34.81311094  138.29216967 102
111  34.81323394  138.29210090 102
111  34.81329040  138.29200512 102
111  34.81332065  138.29187004 102
111  34.81326985  138.29057583 102
111  34.81322154  138.29040911 102
111  34.81312492  138.29022932 102
111  34.81303366  138.29013125 102
111  34.81293168  138.29005607 102
111  34.81284042  138.29003318 102
111  34.81274917  138.29006261 102
111  34.81266597  138.29013779 102
111  34.81262034  138.29019336 102
115  34.81257740  138.29033393
120 Linear Feature 3
111  34.81294449  138.29934977 102
111  34.81301103  138.29946766 102
111  34.81308160  138.29953398 102
111  34.81315621  138.29958801 102
111  34.81321872  138.29961011 102
111  34.81346473  138.29961994 102
111  34.81353934  138.29957082 102
111  34.81358773  138.29952415 102
111  34.81363008  138.29943328 102
111  34.81364621  138.29937188 102
111  34.81365629  138.29927609 102
111  34.81336727  138.29269002 102
111  34.81332579  138.29258898 102
111  34.81329163  138.29251468 102
111  34.81322576  138.29245228 102
111  34.81317452  138.29243742 102
111  34.81310132  138.29242256 102
111  34.81298909  138.29242850 102
111  34.81288661  138.29246119 102
111  34.81279389  138.29251766 102
111  34.81273290  138.29260978 102
111  34.81270118  138.29266624 102
111  34.81267922  138.29273162 102
115  34.81266946  138.29280889
120 Linear Feature 2
111  34.81321468  138.30566087 102
111  34.81326184  138.30581402 102
111  34.81333257  138.30589538 102
111  34.81341116  138.30595760 102
111  34.81349368  138.30599110 102
111  34.81358798  138.30598632 102
111  34.81369408  138.30593367 102
111  34.81378446  138.30585231 102
111  34.81383554  138.30574223 102
111  34.81387877  138.30558429 102
111  34.81390234  138.30544071 102
111  34.81391413  138.30536413 102
111  34.81368595  138.30012082 102
111  34.81366643  138.30003167 102
111  34.81362495  138.29997223 102
111  34.81357859  138.29991874 102
111  34.81353467  138.29989793 102
111  34.81348832  138.29987416 102
111  34.81339560  138.29987119 102
111  34.81331752  138.29987713 102
111  34.81322237  138.29989199 102
111  34.81316625  138.29993062 102
111  34.81309305  138.29998709 102
111  34.81305401  138.30007030 102
111  34.81301497  138.30013271 102
111  34.81299789  138.30019511 102
115  34.81297350  138.30026346
120 Linear Feature 9
111  34.81120506  138.28995859 51
115  34.81095323  138.28996683
120 Linear Feature 8
111  34.81135042  138.28994701 51
115  34.81210428  138.28991965
120 Linear Feature 7
111  34.81406193  138.29251678 102
111  34.81415472  138.29457052 102
111  34.81388166  138.29458498 102
111  34.81389749  138.29490070 102
111  34.81416066  138.29488624 102
115  34.81417055  138.29530317
120 Linear Feature 6
111  34.81210251  138.28979176 102
111  34.81194056  138.28979312 102
111  34.81193162  138.28983393 102
111  34.81148027  138.28984869 102
111  34.81144108  138.28976309 102
111  34.81135729  138.28969560 102
111  34.81122620  138.28968737 102
111  34.81113294  138.28975815 102
111  34.81107424  138.28987269 102
111  34.81099585  138.28987763 102
111  34.81097613  138.28904605 102
115  34.81040051  138.28905482
120 Linear Feature 5
111  34.81211253  138.28999592 102
111  34.81148165  138.29002135 102
111  34.81145149  138.29012337 102
111  34.81137219  138.29020228 102
111  34.81126496  138.29021724 102
111  34.81115186  138.29016439 102
111  34.81108261  138.29005692 102
111  34.81100666  138.29005828 102
115  34.81102273  138.29060702
120 Linear Feature 4
111  34.81252098  138.28973945 102
111  34.81287729  138.28942240 102
111  34.81329432  138.28940221 102
111  34.81371785  138.28971491 102
115  34.81404060  138.28969072
120 Linear Feature 3
111  34.81405904  138.29250507 102
111  34.81403000  138.29240984 102
111  34.81399872  138.29237039 102
111  34.81396298  138.29234726 102
111  34.81376417  138.29234590 102
111  34.81369604  138.29237583 102
111  34.81365136  138.29240576 102
111  34.81360892  138.29245065 102
111  34.81356201  138.29252411 102
111  34.81354861  138.29257853 102
111  34.81353185  138.29264927 102
111  34.81354016  138.29277779 102
111  34.81414394  138.30636529 102
111  34.81410885  138.30645913 102
111  34.81408597  138.30652232 102
111  34.81405164  138.30654834 102
111  34.81402265  138.30657064 102
111  34.81398374  138.30658179 102
111  34.81357216  138.30659960 102
115  34.81320321  138.30634939
21  34.81188996  138.29147704 3 88.0000 3.00 New Light Fixture 7
21  34.81249361  138.30478853 2 268.0000 3.00 New Light Fixture 8
14  34.81460704  138.29178086  82.02 0 New Tower Viewpoint 9
18  34.81479627  138.28995155 1 New Airport Beacon 3
19  34.81301714  138.29140107 0 New Windsock 4
19  34.81358854  138.30368886 0 New Windsock 5
54 12200 TWR

1    433 1 0 RJNS SHIZUOKA
100 60.00 1 1 0.25 1 3 1 12  34.80023300  138.17672500    0   60 3 7 0 0 30  34.79172200  138.20223000    0   60 3 8 1 2
110 2 0.00 0.0000 New Taxiway 46
111  34.79115681  138.20379959
111  34.78920069  138.20964864
111  34.78926979  138.20969185
113  34.79119866  138.20381902
110 2 0.00 0.0000 New Taxiway 50
111  34.79887206  138.17108622
111  34.79792594  138.17352445
111  34.79882806  138.17403353
111  34.79931211  138.17261346
111  34.80080830  138.17333690
113  34.80116034  138.17225175
110 2 0.20 22.0000 New Taxiway 37
111  34.80001644  138.17648768
111  34.79915144  138.17607318
111  34.79891029  138.17604288
111  34.79866129  138.17611285
111  34.79851128  138.17622841
111  34.79833872  138.17643723
111  34.79825013  138.17663841
111  34.79815436  138.17693871
111  34.79809211  138.17700869
111  34.79803226  138.17704659
111  34.79794128  138.17709032
111  34.79785030  138.17707866
111  34.79780241  138.17704367
111  34.79790057  138.17679002
111  34.79738942  138.17651086
111  34.79732478  138.17646363
111  34.79730819  138.17635101
111  34.79751750  138.17576495
111  34.79664458  138.17526760
111  34.79606847  138.17617325
111  34.79558473  138.17751779
111  34.79501963  138.17717750
111  34.79417033  138.17764294
111  34.79315730  138.18072255
111  34.79429446  138.18132060
111  34.79411786  138.18178308
111  34.79480153  138.18214735
111  34.79508810  138.18135763
111  34.79545710  138.18155047
111  34.79555347  138.18130897
111  34.79635645  138.18173166
111  34.79642392  138.18181647
111  34.79646092  138.18192249
111  34.79646451  138.18207013
111  34.79641353  138.18225251
111  34.79023509  138.20073564
111  34.79020004  138.20098009
111  34.79023828  138.20126335
111  34.79033094  138.20148948
111  34.79047115  138.20165245
111  34.79065280  138.20179602
111  34.79085356  138.20192795
113  34.79142079  138.20225001
111  34.79842211  138.18114274
111  34.79826548  138.18129134
111  34.79810339  138.18130465
111  34.79801596  138.18126695
111  34.79757833  138.18103151
111  34.79748909  138.18091397
111  34.79742716  138.18071435
111  34.79741988  138.18050809
111  34.79745448  138.18033065
111  34.79854330  138.17703724
111  34.79863042  138.17684864
111  34.79875948  138.17668361
111  34.79890468  138.17659324
111  34.79903696  138.17657752
111  34.79918861  138.17661289
111  34.79959838  138.17683685
111  34.79967582  138.17695080
111  34.79970809  138.17709225
111  34.79970486  138.17722977
113  34.79967582  138.17735158
111  34.79676013  138.18613931
111  34.79666758  138.18627081
111  34.79653094  138.18635937
111  34.79638108  138.18639694
111  34.79630395  138.18638084
111  34.79593151  138.18622250
111  34.79583455  138.18613931
111  34.79574640  138.18600782
111  34.79570232  138.18584948
111  34.79568772  138.18567393
111  34.79686673  138.18208438
111  34.79693241  138.18188108
111  34.79699809  138.18175777
111  34.79709114  138.18165279
111  34.79722715  138.18158079
111  34.79734109  138.18156308
111  34.79745018  138.18158079
111  34.79780895  138.18174905
111  34.79790107  138.18180514
111  34.79799076  138.18187894
111  34.79804894  138.18200883
111  34.79806106  138.18213872
113  34.79805621  138.18224204
111  34.79501315  138.19132212
111  34.79491381  138.19145923
111  34.79478741  138.19152224
111  34.79467060  138.19152760
111  34.79458906  138.19150882
111  34.79420120  138.19133439
111  34.79413729  138.19128072
111  34.79406016  138.19118679
111  34.79399845  138.19105261
111  34.79396319  138.19086477
111  34.79397421  138.19075742
111  34.79526339  138.18689765
111  34.79533792  138.18679393
111  34.79548344  138.18669452
111  34.79562186  138.18666427
111  34.79571769  138.18666859
111  34.79610810  138.18684579
111  34.79624652  138.18695384
111  34.79631041  138.18705757
111  34.79634235  138.18720883
113  34.79634235  138.18735578
111  34.79334403  138.19636445
111  34.79327727  138.19649731
111  34.79315822  138.19660395
111  34.79302028  138.19664682
111  34.79292376  138.19663573
111  34.79241743  138.19637181
111  34.79234458  138.19628310
111  34.79229176  138.19614560
111  34.79227173  138.19597927
111  34.79228266  138.19584620
111  34.79353283  138.19208863
111  34.79358892  138.19195445
111  34.79366350  138.19188016
111  34.79376568  138.19180698
111  34.79388188  138.19177770
111  34.79399391  138.19177024
111  34.79405601  138.19179464
111  34.79446271  138.19199956
111  34.79452682  138.19204347
111  34.79459494  138.19214350
111  34.79464302  138.19226304
111  34.79465704  138.19238258
113  34.79464102  138.19250212
111  34.79166845  138.20133372
111  34.79158717  138.20147668
111  34.79145621  138.20157016
111  34.79133279  138.20159032
111  34.79125602  138.20157383
111  34.79090741  138.20142572
111  34.79082910  138.20136584
111  34.79073439  138.20125052
111  34.79066882  138.20111524
111  34.79062147  138.20091121
111  34.79062693  138.20074710
111  34.79186740  138.19708010
111  34.79198160  138.19695813
111  34.79212991  138.19689942
111  34.79226058  138.19689617
111  34.79233791  138.19690591
111  34.79276456  138.19710723
111  34.79283656  138.19715593
111  34.79288189  138.19722737
111  34.79292722  138.19733776
111  34.79293255  138.19747089
113  34.79291922  138.19757480
130 Airport Boundary 1
111  34.79703007  138.17410440
111  34.79575090  138.17620612
111  34.79522434  138.17628010
111  34.79489017  138.17678565
111  34.79414082  138.17731586
111  34.79238105  138.18259351
111  34.79524608  138.18399643
111  34.79426641  138.18722355
111  34.79342116  138.18754965
111  34.79197242  138.19184321
111  34.79245028  138.19278312
111  34.78971507  138.20058675
111  34.79025420  138.20337665
111  34.79261919  138.20447080
111  34.79607757  138.19426946
111  34.79695697  138.19417119
111  34.79729458  138.19308350
111  34.79671065  138.19203507
111  34.80433856  138.16888716
111  34.80384844  138.16733538
113  34.80035639  138.16526138
120 Linear Feature 8
111  34.79702971  138.18062867 51 101
112  34.79710954  138.18067865  34.79714057  138.18070931 51 101
112  34.79718205  138.18077471  34.79720449  138.18081350 51 101
115  34.79723191  138.18089867
120 Linear Feature 7
111  34.79710463  138.18131940 51 101
112  34.79700694  138.18134516  34.79698457  138.18134992 51 101
112  34.79691514  138.18135422  34.79687401  138.18135309 51 101
115  34.79681285  138.18133021
120 Linear Feature 9
111  34.79756917  138.17936485 51
112  34.79735302  138.17933913  34.79723713  138.17927673 51
115  34.79721229  138.17914851
120 Linear Feature 8
111  34.79759704  138.17928670 51
112  34.79742931  138.17913714  34.79731264  138.17908599 51
115  34.79721463  138.17914566
120 Linear Feature 5
111  34.79711956  138.18071979 51
112  34.79691828  138.18069426  34.79681133  138.18063448 51
115  34.79677802  138.18050638
120 Linear Feature 4
111  34.79714254  138.18064400 51
112  34.79699005  138.18049654  34.79687836  138.18044507 51
115  34.79677928  138.18050472
120 Linear Feature 3
111  34.79688923  138.18140518 51
112  34.79670699  138.18139128  34.79661598  138.18134753 51
115  34.79656209  138.18120609
120 Linear Feature 2
111  34.79691516  138.18133028 51
112  34.79676806  138.18119442  34.79666148  138.18114630 51
115  34.79656329  138.18120755
120 Linear Feature 34
111  34.79559697  138.18128111 1
111  34.79637638  138.18170029 1
111  34.79647380  138.18184661 1
111  34.79649004  138.18193361 1
111  34.79650303  138.18199689 1
111  34.79648354  138.18211157 1
111  34.79643808  138.18224998 1
111  34.79026954  138.20072929 1
111  34.79023676  138.20098712 1
111  34.79025463  138.20119590 1
111  34.79032250  138.20136554 1
111  34.79039394  138.20151344 1
111  34.79048682  138.20161783 1
111  34.79067258  138.20176137 1
115  34.79142633  138.20221809
120 Linear Feature 33
111  34.79998776  138.17649474 1
111  34.79915965  138.17608345 1
111  34.79893881  138.17605972 1
111  34.79879268  138.17609136 1
111  34.79862380  138.17617441 1
111  34.79848741  138.17629701 1
111  34.79839648  138.17640774 1
111  34.79832828  138.17651452 1
111  34.79824060  138.17673202 1
111  34.79816591  138.17696535 1
111  34.79812631  138.17702260 1
111  34.79803557  138.17707417 1
111  34.79795693  138.17711346 1
111  34.79788030  138.17712328 1
115  34.79779964  138.17708890
120 Linear Feature 32
111  34.79838550  138.18121260 1
111  34.79829156  138.18130412 1
111  34.79822446  138.18132700 1
111  34.79814126  138.18133026 1
111  34.79809295  138.18131392 1
111  34.79757228  138.18104919 1
111  34.79749981  138.18096748 1
111  34.79745418  138.18085636 1
111  34.79741929  138.18067987 1
111  34.79741393  138.18047396 1
111  34.79744345  138.18031054 1
111  34.79852894  138.17702351 1
111  34.79862019  138.17682087 1
111  34.79874633  138.17665745 1
111  34.79891005  138.17655614 1
111  34.79904962  138.17654306 1
111  34.79920528  138.17658555 1
111  34.79962397  138.17681107 1
111  34.79969912  138.17691565 1
111  34.79972864  138.17702024 1
111  34.79973938  138.17711176 1
115  34.79973669  138.17718039
120 Linear Feature 31
111  34.79672024  138.18624467 1
111  34.79663168  138.18633291 1
111  34.79652432  138.18637867 1
111  34.79642501  138.18640808 1
111  34.79636329  138.18641135 1
111  34.79590971  138.18621852 1
111  34.79583187  138.18614662 1
111  34.79574331  138.18601262 1
111  34.79569231  138.18583940 1
111  34.79568150  138.18566451 1
111  34.79686826  138.18203121 1
111  34.79695042  138.18179196 1
111  34.79708260  138.18162230 1
111  34.79724335  138.18153965 1
111  34.79736838  138.18153530 1
111  34.79791851  138.18177456 1
111  34.79800424  138.18184416 1
111  34.79804353  138.18189201 1
111  34.79806854  138.18196161 1
111  34.79808640  138.18207036 1
115  34.79808640  138.18212691
120 Linear Feature 30
111  34.79499585  138.19138670 1
111  34.79490557  138.19148772 1
111  34.79482506  138.19152337 1
111  34.79473722  138.19154417 1
111  34.79463962  138.19153822 1
111  34.79418824  138.19134511 1
111  34.79408332  138.19125003 1
111  34.79402477  138.19114307 1
111  34.79398329  138.19100046 1
111  34.79395401  138.19088162 1
111  34.79396621  138.19073900 1
111  34.79524425  138.18687543 1
111  34.79534642  138.18675581 1
111  34.79549181  138.18666489 1
111  34.79562934  138.18662661 1
111  34.79574723  138.18664097 1
111  34.79621484  138.18686586 1
111  34.79629343  138.18695199 1
111  34.79634058  138.18704291 1
111  34.79636416  138.18712904 1
115  34.79637595  138.18722952
120 Linear Feature 29
111  34.79328359  138.19653191 1
111  34.79316993  138.19661891 1
111  34.79309849  138.19665054 1
111  34.79300431  138.19665845 1
111  34.79291987  138.19665054 1
111  34.79242300  138.19638560 1
111  34.79235805  138.19633023 1
111  34.79231259  138.19626301 1
111  34.79227037  138.19615228 1
111  34.79226387  138.19606133 1
111  34.79225738  138.19595456 1
111  34.79226712  138.19588734 1
111  34.79227362  138.19580825 1
111  34.79351352  138.19206750 1
111  34.79357940  138.19192191 1
111  34.79364039  138.19185952 1
111  34.79375751  138.19177633 1
111  34.79388683  138.19174365 1
111  34.79400150  138.19173474 1
111  34.79448460  138.19197242 1
111  34.79457000  138.19205561 1
111  34.79462124  138.19213286 1
111  34.79465052  138.19221308 1
111  34.79467004  138.19227547 1
115  34.79468223  138.19239134
120 Linear Feature 28
111  34.79298666  138.19740348 1
111  34.79296247  138.19724388 1
111  34.79291407  138.19715303 1
111  34.79286568  138.19708919 1
111  34.79235753  138.19684119 1
111  34.79227209  138.19683196 1
111  34.79217010  138.19682869 1
111  34.79207080  138.19686464 1
111  34.79194465  138.19693000 1
111  34.79183730  138.19706073 1
111  34.79059681  138.20071459 1
111  34.79058109  138.20091555 1
111  34.79060860  138.20107823 1
111  34.79072256  138.20130790 1
111  34.79087188  138.20144187 1
111  34.79111943  138.20156149 1
111  34.79124518  138.20162848 1
111  34.79139450  138.20163326 1
111  34.79151238  138.20161412 1
115  34.79159097  138.20153278
120 Linear Feature 27
111  34.79721519  138.17914774 51
115  34.79621218  138.17864328
120 Linear Feature 7
111  34.79736155  138.17998896 51
112  34.79715870  138.17996570  34.79705169  138.17990727 51
115  34.79702555  138.17978615
120 Linear Feature 6
111  34.79738574  138.17991772 51
112  34.79723010  138.17977142  34.79712742  138.17972013 51
115  34.79702322  138.17978331
120 Linear Feature 26
111  34.79702445  138.17978748 51
115  34.79598982  138.17928531
120 Linear Feature 25
111  34.79702958  138.18062861 51
115  34.79573733  138.18000030
120 Linear Feature 24
111  34.79681280  138.18133046 51
115  34.79552459  138.18069208
120 Linear Feature 21
111  34.79109438  138.20149149 4 104
115  34.79094002  138.20196021
120 Linear Feature 20
111  34.79276661  138.19653448 54
115  34.79260669  138.19701871
120 Linear Feature 19
111  34.79448583  138.19145897 54
115  34.79433456  138.19192246
120 Linear Feature 18
111  34.79616834  138.18631719 54
115  34.79600362  138.18678321
120 Linear Feature 17
111  34.79789536  138.18119139 54
115  34.79772708  138.18169831
120 Linear Feature 16
111  34.79955192  138.17626052 54 104
115  34.79939693  138.17671308
120 Linear Feature 14
111  34.79512846  138.18134679 102
111  34.79547497  138.18155125 102
111  34.79558928  138.18129024 102
111  34.79635374  138.18175570 102
111  34.79639661  138.18182095 102
111  34.79643233  138.18192535 102
111  34.79643591  138.18204715 102
111  34.79639304  138.18222550 102
111  34.79021589  138.20070674 102
111  34.79018046  138.20097276 102
111  34.79021884  138.20127113 102
111  34.79032164  138.20149821 102
111  34.79046925  138.20167076 102
111  34.79065579  138.20180544 102
111  34.79085377  138.20193490 102
115  34.79140942  138.20224869
120 Linear Feature 13
111  34.80002410  138.17645297 102
111  34.79919478  138.17605749 102
111  34.79892213  138.17601709 102
111  34.79865642  138.17607592 102
111  34.79842146  138.17625867 102
111  34.79829178  138.17645869 102
111  34.79820533  138.17671662 102
111  34.79817752  138.17681954 102
111  34.79814580  138.17689976 102
111  34.79810432  138.17697404 102
111  34.79804577  138.17701861 102
111  34.79798233  138.17704535 102
111  34.79792865  138.17705129 102
111  34.79784814  138.17701267 102
111  34.79793147  138.17676770 102
115  34.79735711  138.17644740
120 Linear Feature 12
111  34.79841208  138.18112434 102
111  34.79827420  138.18123435 102
111  34.79816484  138.18126909 102
111  34.79806975  138.18124014 102
111  34.79794612  138.18118224 102
111  34.79760854  138.18100854 102
111  34.79752771  138.18086958 102
111  34.79747541  138.18071904 102
111  34.79746115  138.18049323 102
111  34.79748967  138.18031953 102
111  34.79858023  138.17703429 102
111  34.79866581  138.17685480 102
111  34.79878468  138.17669847 102
111  34.79892256  138.17661162 102
111  34.79903192  138.17659425 102
111  34.79918883  138.17662899 102
111  34.79957396  138.17684322 102
111  34.79965479  138.17695902 102
111  34.79968807  138.17708061 102
111  34.79968807  138.17721957 102
115  34.79966905  138.17732958
120 Linear Feature 11
111  34.79674851  138.18611814 102
111  34.79665920  138.18623994 102
111  34.79652703  138.18633129 102
111  34.79640200  138.18636175 102
111  34.79631626  138.18635739 102
111  34.79594832  138.18619644 102
111  34.79585187  138.18610074 102
111  34.79578042  138.18598329 102
111  34.79572684  138.18583104 102
111  34.79570527  138.18566773 102
111  34.79689090  138.18208120 102
111  34.79696235  138.18187675 102
111  34.79703022  138.18175060 102
111  34.79712667  138.18165489 102
111  34.79724099  138.18158964 102
111  34.79734101  138.18157659 102
111  34.79744461  138.18158529 102
111  34.79786970  138.18179410 102
111  34.79796616  138.18186805 102
111  34.79802331  138.18194200 102
111  34.79804117  138.18204640 102
111  34.79804832  138.18212470 102
115  34.79804832  138.18222911
120 Linear Feature 10
111  34.79500872  138.19128320 102
111  34.79489888  138.19141694 102
111  34.79479428  138.19146789 102
111  34.79468968  138.19147426 102
111  34.79460599  138.19145516 102
111  34.79419804  138.19127046 102
111  34.79410390  138.19116856 102
111  34.79403591  138.19102845 102
111  34.79400453  138.19083102 102
111  34.79404114  138.19065270 102
111  34.79529180  138.18688417 102
111  34.79540547  138.18676949 102
111  34.79550614  138.18669831 102
111  34.79562954  138.18667854 102
111  34.79572697  138.18667458 102
111  34.79614915  138.18687627 102
111  34.79624008  138.18697117 102
111  34.79629528  138.18705422 102
111  34.79631477  138.18714517 102
111  34.79632776  138.18725986 102
115  34.79632451  138.18737454
120 Linear Feature 9
111  34.79333934  138.19633693 102
111  34.79325290  138.19647377 102
111  34.79314916  138.19655798 102
111  34.79301948  138.19659483 102
111  34.79293303  138.19658430 102
111  34.79243595  138.19633693 102
111  34.79237544  138.19625798 102
111  34.79232789  138.19612639 102
111  34.79230196  138.19598955 102
111  34.79231925  138.19583165 102
111  34.79356519  138.19207807 102
111  34.79362138  138.19195175 102
111  34.79367757  138.19188332 102
111  34.79378131  138.19182016 102
111  34.79390666  138.19179385 102
111  34.79402769  138.19179385 102
111  34.79449451  138.19202543 102
111  34.79456367  138.19213070 102
111  34.79461554  138.19224123 102
111  34.79463283  138.19236755 102
115  34.79463283  138.19248861
120 Linear Feature 8
111  34.79291113  138.19754663 102
111  34.79291113  138.19734654 102
111  34.79284682  138.19720299 102
111  34.79277181  138.19712905 102
111  34.79234671  138.19692026 102
111  34.79224311  138.19692460 102
111  34.79211808  138.19692896 102
111  34.79201091  138.19696810 102
111  34.79188231  138.19708555 102
111  34.79065629  138.20073811 102
111  34.79066415  138.20091515 102
111  34.79069558  138.20110654 102
111  34.79077417  138.20124529 102
111  34.79086455  138.20133620 102
111  34.79093135  138.20139362 102
111  34.79128108  138.20154195 102
111  34.79134395  138.20156587 102
111  34.79146183  138.20154195 102
111  34.79157186  138.20147017 102
115  34.79165045  138.20133142
120 Linear Feature 10
111  34.79366888  138.19639618 51 101
112  34.79358340  138.19658558  34.79355523  138.19663703 51 101
112  34.79346905  138.19674455  34.79342680  138.19678457 51 101
112  34.79335808  138.19682549  34.79332179  138.19684789 51 101
112  34.79324778  138.19687607  34.79320667  138.19689070 51 101
112  34.79307610  138.19690186  34.79301507  138.19690186 51 101
112  34.79288759  138.19687560  34.79284061  138.19686343 51 101
111  34.79273895  138.19681840 51 101
111  34.79223804  138.19657337 51 101
112  34.79216401  138.19649434  34.79213403  138.19644855 51 101
112  34.79208159  138.19633076  34.79206281  138.19626217 51 101
112  34.79204934  138.19610552  34.79204747  138.19602759 51 101
111  34.79206694  138.19593134 51 101
115  34.79211338  138.19572809
120 Linear Feature 9
111  34.79400830  138.19150287 51
112  34.79389213  138.19147995  34.79387678  138.19147872 51
112  34.79380262  138.19148503  34.79377921  138.19148824 51
112  34.79372998  138.19150129  34.79370427  138.19150986 51
112  34.79364029  138.19153919  34.79360644  138.19156101 51
112  34.79356420  138.19159858  34.79352964  138.19162860 51
112  34.79350157  138.19166255  34.79347409  138.19169117 51
112  34.79344806  138.19174034  34.79344066  138.19175373 51
115  34.79341994  138.19180802
120 Linear Feature 7
111  34.79227728  138.19658929 51
111  34.79219077  138.19657038 51
112  34.79210642  138.19656584  34.79208202  138.19656584 51
112  34.79201753  138.19658432  34.79199879  138.19658901 51
112  34.79192778  138.19662174  34.79189229  138.19664362 51
111  34.79185594  138.19667142 51
112  34.79179817  138.19672974  34.79177931  138.19675263 51
112  34.79175001  138.19682208  34.79174641  138.19683124 51
115  34.79173380  138.19686441
120 Linear Feature 6
111  34.79287498  138.19687294 51
111  34.79301978  138.19699498 51
111  34.79309784  138.19709769 51
111  34.79314604  138.19720680 51
112  34.79319822  138.19734728  34.79320893  138.19739034 51
111  34.79322386  138.19746101 51
111  34.79323222  138.19753525 51
112  34.79323293  138.19763391  34.79322694  138.19766450 51
111  34.79321648  138.19772989 51
115  34.79318755  138.19783994
120 Linear Feature 8
111  34.79453088  138.19176056 51
111  34.79469609  138.19186320 51
112  34.79482203  138.19198503  34.79485247  138.19202145 51
112  34.79489081  138.19208824  34.79490810  138.19212501 51
112  34.79493726  138.19221044  34.79495075  138.19226363 51
112  34.79496043  138.19233714  34.79496639  138.19238855 51
112  34.79496166  138.19243399  34.79496034  138.19246607 51
112  34.79494802  138.19254402  34.79494135  138.19259215 51
115  34.79492539  138.19263253
120 Linear Feature 7
111  34.79533458  138.19140625 51 101
112  34.79526140  138.19154605  34.79523375  138.19158673 51 101
112  34.79513731  138.19167945  34.79507318  138.19173529 51 101
112  34.79501373  138.19176080  34.79496563  138.19178423 51 101
112  34.79486522  138.19180046  34.79480233  138.19181006 51 101
112  34.79470277  138.19180545  34.79464018  138.19180023 51 101
112  34.79453108  138.19176412  34.79447657  138.19174069 51 101
112  34.79400853  138.19150302  34.79394440  138.19146007 51 101
112  34.79386669  138.19134421  34.79383729  138.19129077 51 101
111  34.79380135  138.19118953 51 101
112  34.79376843  138.19104601  34.79376094  138.19098384 51 101
112  34.79376277  138.19090713  34.79376376  138.19086936 51 101
112  34.79377566  138.19077764  34.79378231  138.19073391 51 101
115  34.79380142  138.19066467
120 Linear Feature 6
111  34.79567513  138.18636309 51
112  34.79556653  138.18635508  34.79552596  138.18635632 51
112  34.79547472  138.18636737  34.79543710  138.18637484 51
112  34.79536789  138.18641049  34.79533783  138.18642612 51
112  34.79525818  138.18648639  34.79523317  138.18650830 51
112  34.79517992  138.18657910  34.79515319  138.18662388 51
115  34.79512227  138.18670372
120 Linear Feature 5
112  34.79626626  138.18665488  34.79628312  138.18666763 51 101
112  34.79641741  138.18675730  34.79644632  138.18678370 51 101
112  34.79652402  138.18689876  34.79654781  138.18694437 51 101
112  34.79660093  138.18708093  34.79662743  138.18717187 51 101
112  34.79664057  138.18725885  34.79664772  138.18730607 51 101
112  34.79664981  138.18737057  34.79664756  138.18742318 51 101
112  34.79663537  138.18749194  34.79662566  138.18752738 51 101
115  34.79660773  138.18758751
120 Linear Feature 4
111  34.79701494  138.18636827 51 101
112  34.79695747  138.18648474  34.79693493  138.18651570 51 101
112  34.79687607  138.18657778  34.79684193  138.18660377 51 101
112  34.79674395  138.18666281  34.79669824  138.18668088 51 101
112  34.79656833  138.18670778  34.79652462  138.18671298 51 101
112  34.79643671  138.18670603  34.79639403  138.18669578 51 101
112  34.79626608  138.18665624  34.79624474  138.18664585 51 101
112  34.79567285  138.18636001  34.79564725  138.18633923 51 101
112  34.79557896  138.18626127  34.79554482  138.18620930 51 101
112  34.79550214  138.18606378  34.79548685  138.18600033 51 101
112  34.79547787  138.18590769  34.79547787  138.18586611 51 101
112  34.79547822  138.18577544  34.79548062  138.18572814 51 101
112  34.79549082  138.18564443  34.79549922  138.18559878 51 101
115  34.79551921  138.18551809
120 Linear Feature 3
111  34.79747188  138.18130622 51 101
111  34.79738349  138.18128800 51 101
112  34.79729917  138.18127972  34.79727470  138.18127972 51 101
112  34.79720321  138.18128693  34.79717402  138.18129162 51 101
112  34.79710450  138.18131855  34.79706977  138.18133334 51 101
112  34.79700062  138.18137694  34.79697070  138.18139801 51 101
112  34.79690793  138.18145959  34.79687257  138.18150265 51 101
112  34.79684815  138.18155329  34.79683048  138.18159634 51 101
115  34.79680826  138.18165397
120 Linear Feature 2
111  34.79804406  138.18157012 51 101
112  34.79815755  138.18164770  34.79817148  138.18166467 51 101
112  34.79821329  138.18172044  34.79823718  138.18175680 51 101
112  34.79829264  138.18187193  34.79830960  138.18191766 51 101
112  34.79834009  138.18203638  34.79834983  138.18210335 51 101
112  34.79835650  138.18220648  34.79835650  138.18228892 51 101
112  34.79834256  138.18235921  34.79833261  138.18241363 51 101
115  34.79831635  138.18247072
120 Linear Feature 1
111  34.79880597  138.18099550 51 101
112  34.79868574  138.18130056  34.79863068  138.18138507 51 101
112  34.79853400  138.18147710  34.79848236  138.18151580 51 101
112  34.79834399  138.18158793  34.79829027  138.18160964 51 101
112  34.79810661  138.18159175  34.79802734  138.18157794 51 101
112  34.79790418  138.18150824  34.79787836  138.18149567 51 101
112  34.79747578  138.18130700  34.79741898  138.18126955 51 101
112  34.79730781  138.18108817  34.79727051  138.18101038 51 101
112  34.79721381  138.18082520  34.79719885  138.18074054 51 101
112  34.79722089  138.18047161  34.79724671  138.18033955 51 101
116  34.79731943  138.18011909  34.79732965  138.18009145
120 Linear Feature 49
111  34.79624242  138.18956027 20
115  34.79574102  138.18931176
120 Linear Feature 48
111  34.79621539  138.18963927 20
115  34.79571940  138.18938747
120 Linear Feature 47
111  34.79623231  138.18960535 20
115  34.79572713  138.18935170
120 Linear Feature 45
111  34.79995355  138.17756408 51 101
112  34.79999267  138.17740258  34.80000374  138.17733654 51 101
112  34.79999762  138.17719891  34.79999168  138.17713013 51 101
112  34.79996841  138.17701091  34.79995472  138.17693641 51 101
112  34.79988880  138.17678744  34.79985781  138.17672837 51 101
112  34.79976982  138.17663665  34.79974014  138.17661162 51 101
112  34.79965279  138.17657245  34.79962854  138.17656102 51 101
112  34.79909678  138.17631524  34.79905721  138.17629837 51 101
112  34.79891212  138.17629103  34.79885054  138.17629871 51 101
112  34.79871237  138.17638295  34.79866476  138.17641914 51 101
112  34.79855143  138.17655963  34.79851087  138.17661798 51 101
111  34.79842487  138.17680502 51 101
111  34.79044708  138.20072189 51 101
112  34.79041784  138.20094837  34.79042008  138.20101924 51 101
112  34.79046865  138.20121627  34.79050390  138.20130685 51 101
112  34.79058897  138.20144036  34.79062402  138.20148305 51 101
112  34.79074756  138.20157051  34.79080270  138.20160746 51 101
112  34.79092938  138.20166565  34.79099388  138.20169491 51 101
112  34.79119324  138.20178420  34.79124582  138.20180536 51 101
112  34.79141332  138.20181092  34.79148335  138.20180656 51 101
112  34.79164760  138.20174501  34.79174296  138.20169747 51 101
112  34.79185144  138.20160932  34.79191648  138.20154987 51 101
112  34.79198028  138.20143428  34.79200482  138.20137025 51 101
115  34.79202954  138.20130734
120 Linear Feature 44
111  34.79736881  138.17655318 22
111  34.79683707  138.17813582 22
111  34.79620663  138.17781345 22
115  34.79502030  138.18124710
21  34.79248119  138.19800054 2 290.0000 3.00 New Light Fixture 14
21  34.79902690  138.18213059 2 110.0000 3.00 New Light Fixture 13
19  34.79151673  138.19980355 0 New Windsock 2
19  34.79880304  138.17813929 0 New Windsock 1
54 11800 RADIO

1      8 0 0 RJT2 Miho
100 20.00 1 0 0.25 0 0 0 15  35.01636523  138.52868442    0    0 0 0 0 0 33  35.01259628  138.53167700    0    0 0 0 0 0
110 12 0.25 327.0000 xxx
111  35.01540932  138.52882862
111  35.01613863  138.52825717
111  35.01600146  138.52801206
113  35.01528758  138.52857645
110 12 0.25 57.0000 xxx
111  35.01608965  138.52816477
111  35.01638844  138.52872653
111  35.01650879  138.52863192
113  35.01621000  138.52807016
110 12 0.25 327.0000 xxx
111  35.01638879  138.52872513
111  35.01650381  138.52863393
111  35.01645899  138.52854967
113  35.01634397  138.52864087
110 12 0.25 13.0000 xxx
111  35.01595207  138.52822764
111  35.01616054  138.52828640
111  35.01620938  138.52806883
113  35.01600091  138.52801007
14  35.01584650  138.52821597   6.56 0 New Tower Viewpoint 1
19  35.01569783  138.52885101 1 WS
19  35.01308509  138.53089348 1 WS

1    149 1 0 RJNH HAMAMATSU
100 60.00 2 0 0.25 0 2 0 09  34.75038100  137.68916900    0  150 3 0 0 1 27  34.75009400  137.71699700    0  200 3 7 0 1
110 3 0.00 0.0000 New Taxiway 10
111  34.74854999  137.69623975
111  34.74852605  137.69618169
112  34.74847726  137.69613051  34.74845583  137.69611787
112  34.74836480  137.69609945  34.74833971  137.69609945
112  34.74779499  137.69609513  34.74776154  137.69609513
111  34.74769591  137.69612811
111  34.74765055  137.69621512
111  34.74762319  137.69634593
111  34.74763181  137.69647205
111  34.74766250  137.69655592
111  34.74775824  137.69660361
112  34.74819666  137.69661017  34.74825234  137.69660885
111  34.74840572  137.69660526
111  34.74850101  137.69655923
112  34.74855045  137.69646410  34.74855664  137.69644063
114  34.74856325  137.69632936  34.74856325  137.69630901
110 2 0.00 0.0000 New Taxiway 8
111  34.74858601  137.69570906
111  34.74761143  137.69569683
111  34.74761091  137.69537345
111  34.74627483  137.69537604
111  34.74625256  137.69742848
111  34.74760072  137.69741293
111  34.74759660  137.69703103
113  34.74857327  137.69701527
110 2 0.00 0.0000 New Taxiway 3
111  34.74751058  137.69741398
111  34.74801618  137.69969091
111  34.74795266  137.70177769
111  34.74623146  137.70854004
111  34.74632312  137.70853985
111  34.74802804  137.70178048
111  34.74810877  137.69965554
113  34.74759684  137.69741102
110 2 0.00 0.0000 New Taxiway 2
111  34.74871203  137.71211062
111  34.74871513  137.71094123
112  34.74862469  137.71111077  34.74857211  137.71116405
111  34.74847747  137.71115736
112  34.74839532  137.71111724  34.74836595  137.71108715
111  34.74833141  137.71100870
111  34.74833062  137.71052873
111  34.74793443  137.71052806
111  34.74794038  137.70979398
111  34.74794372  137.70854826
111  34.74623495  137.70853549
111  34.74611084  137.70883227
111  34.74607424  137.71108399
111  34.74610228  137.71163247
111  34.74624027  137.71202074
111  34.74649633  137.71232065
111  34.74679613  137.71237807
111  34.74752548  137.71237766
111  34.74830361  137.71237792
111  34.74830149  137.71210648
111  34.74834326  137.71193035
111  34.74845525  137.71182200
111  34.74856149  137.71182165
113  34.74866611  137.71191793
110 2 0.00 0.0000 New Taxiway 3
111  34.74832329  137.69401079
111  34.74830709  137.69458526
111  34.74860372  137.69458565
113  34.74861075  137.69400645
110 2 0.00 0.0000 New Taxiway 2
112  34.74851079  137.69168323  34.74849417  137.69168144
111  34.74831750  137.69167840
111  34.74831028  137.69226871
111  34.74849877  137.69227501
111  34.74864367  137.69227588
111  34.74864697  137.69201920
113  34.74865299  137.69168537
110 2 0.00 0.0000 New Taxiway 1
111  34.74629527  137.69107986
111  34.74625239  137.69480853
111  34.74831233  137.69481283
113  34.74834538  137.69112831
110 2 0.00 0.0000 New Taxiway 11
111  34.75007318  137.68927548
111  34.74989971  137.68927581
111  34.74880597  137.69050002
111  34.74870785  137.69069771
111  34.74866079  137.69102882
111  34.74854277  137.69830973
111  34.74915135  137.70072066
111  34.74909909  137.70390490
111  34.74874209  137.70589832
111  34.74870453  137.71310042
111  34.74907809  137.71376977
111  34.74908859  137.71428090
111  34.74934059  137.71484315
111  34.74963459  137.71490704
111  34.74990759  137.71541818
113  34.75018171  137.68922753
111  34.74980979  137.70245237
111  34.74988023  137.70246308
111  34.74991251  137.70250237
111  34.74994186  137.70257380
111  34.74996827  137.70263810
111  34.74985236  137.71436436
111  34.74982302  137.71440333
111  34.74977766  137.71441307
111  34.74972697  137.71441632
111  34.74966294  137.71439034
111  34.74962025  137.71433839
111  34.74955088  137.71422474
111  34.74902448  137.71324315
111  34.74898046  137.71313600
111  34.74893937  137.71305385
111  34.74891883  137.71295741
111  34.74890416  137.71281097
111  34.74890122  137.71270025
111  34.74893700  137.70606198
111  34.74894286  137.70593340
111  34.74904265  137.70531549
111  34.74926210  137.70396904
111  34.74927677  137.70385118
111  34.74928264  137.70370117
111  34.74933163  137.70281943
111  34.74933422  137.70275276
111  34.74934697  137.70271506
111  34.74939800  137.70265518
111  34.74949822  137.70254873
111  34.74956200  137.70251102
111  34.74964218  137.70247776
111  34.74968409  137.70245780
113  34.74974787  137.70245114
111  34.74985377  137.68973393
111  34.74988613  137.68970515
111  34.74992098  137.68968849
111  34.74998197  137.68967637
111  34.75002055  137.68966880
111  34.75005415  137.68966880
111  34.75008154  137.68969152
111  34.75010394  137.68971576
111  34.75010767  137.68977786
111  34.74999906  137.70187583
111  34.74994036  137.70195051
111  34.74986566  137.70196999
111  34.74980696  137.70189206
111  34.74975361  137.70175244
111  34.74888598  137.69848904
111  34.74885992  137.69838902
111  34.74885191  137.69828656
111  34.74884389  137.69819386
111  34.74884389  137.69809384
111  34.74897184  137.69106353
111  34.74897390  137.69099844
111  34.74897904  137.69095087
111  34.74899859  137.69089203
111  34.74902636  137.69081566
111  34.74906133  137.69072678
111  34.74908496  137.69068324
111  34.74911021  137.69063772
113  34.74914574  137.69058992
110 2 0.00 0.0000 New Taxiway 2
111  34.75029190  137.71709845
111  34.75053375  137.71709594
111  34.75141154  137.71601990
111  34.75141040  137.71561960
111  34.75170962  137.71436990
111  34.75182391  137.70599778
111  34.75197000  137.69808209
111  34.75278447  137.69810492
111  34.75279343  137.69685727
111  34.75336197  137.69684449
111  34.75335635  137.69769286
111  34.75409497  137.69624252
111  34.75420372  137.68991426
111  34.75352525  137.68986995
111  34.75346172  137.69099867
111  34.75246973  137.69098321
111  34.75245084  137.68960791
111  34.75272484  137.68934424
111  34.75277566  137.68940609
111  34.75291541  137.68935971
111  34.75294082  137.68922055
111  34.75290270  137.68908139
111  34.75280107  137.68903501
111  34.75271213  137.68901954
111  34.75263590  137.68915870
111  34.75211500  137.68957617
111  34.75207688  137.68918962
111  34.75192442  137.68878761
111  34.75107319  137.68875669
113  34.75057669  137.68915952
111  34.75065600  137.68970916
111  34.75093734  137.68943758
111  34.75102708  137.68943463
111  34.75151944  137.68946415
111  34.75159948  137.68951138
111  34.75166497  137.68957927
111  34.75172075  137.68965602
111  34.75176198  137.68975048
111  34.75178624  137.68985085
111  34.75180564  137.68994826
111  34.75182019  137.69005453
111  34.75182262  137.69017261
111  34.75170916  137.70198983
111  34.75169814  137.70204618
111  34.75167829  137.70211327
111  34.75165624  137.70215889
111  34.75161215  137.70219109
111  34.75156584  137.70221256
111  34.75150631  137.70222866
111  34.75144678  137.70222330
111  34.75060241  137.70217963
111  34.75056425  137.70215820
111  34.75054371  137.70212606
113  34.75052610  137.70205462
111  34.75088558  137.70244591
111  34.75149636  137.70245888
111  34.75158868  137.70247184
111  34.75162775  137.70251074
111  34.75167036  137.70256260
111  34.75168456  137.70261446
111  34.75170587  137.70268794
111  34.75170232  137.70277005
111  34.75170942  137.70286946
111  34.75154458  137.71409972
111  34.75153417  137.71423205
111  34.75153052  137.71430968
111  34.75151777  137.71441391
111  34.75150137  137.71448710
111  34.75132302  137.71518960
111  34.75129073  137.71528961
111  34.75126432  137.71535033
111  34.75121736  137.71542177
111  34.75088280  137.71586468
111  34.75060400  137.71622346
111  34.75055235  137.71627847
111  34.75050069  137.71630204
111  34.75045227  137.71630597
111  34.75041676  137.71628633
111  34.75039739  137.71625883
111  34.75038448  137.71621168
111  34.75037799  137.71617667
111  34.75037498  137.71613818
111  34.75051964  137.70269578
111  34.75051964  137.70257239
111  34.75052765  137.70252368
111  34.75055966  137.70249446
111  34.75058634  137.70246523
111  34.75062369  137.70245549
113  34.75067705  137.70244575
111  34.75243541  137.68960283
111  34.75245101  137.69132397
111  34.75245621  137.69160872
111  34.75243541  137.69177324
111  34.75239382  137.69186183
111  34.75232103  137.69190612
111  34.75223265  137.69191245
111  34.75215466  137.69189346
111  34.75210787  137.69186815
112  34.75207147  137.69180488  34.75206628  137.69179855
111  34.75205068  137.69164036
111  34.75207667  137.69010905
111  34.75208187  137.69002046
111  34.75209747  137.68993820
113  34.75213906  137.68989391
111  34.75203516  137.69255167
111  34.75205290  137.69244227
111  34.75209348  137.69235849
111  34.75217259  137.69231488
111  34.75226333  137.69230490
111  34.75233253  137.69232021
111  34.75238286  137.69235849
111  34.75242060  137.69241209
111  34.75244577  137.69248865
111  34.75245835  137.69258053
111  34.75245206  137.69264178
111  34.75238915  137.69594173
111  34.75236890  137.69605810
111  34.75233253  137.69613315
111  34.75227591  137.69619440
111  34.75221300  137.69622502
111  34.75215134  137.69623563
111  34.75208594  137.69622032
111  34.75204381  137.69620420
111  34.75200540  137.69616672
111  34.75197590  137.69611371
111  34.75197172  137.69605023
111  34.75197586  137.69594094
111  34.75197709  137.69582208
113  34.75203382  137.69268374
111  34.75237401  137.69805541
111  34.75196949  137.69804916
111  34.75198931  137.69664277
111  34.75201328  137.69658499
111  34.75206495  137.69653524
111  34.75211198  137.69651584
111  34.75223242  137.69651671
111  34.75230676  137.69655854
111  34.75236677  137.69664935
113  34.75239456  137.69676928
120 Linear Feature 9
112  34.74829478  137.69477089  34.74829478  137.69476457 1 102
111  34.74829235  137.69458341 1 102
111  34.74832145  137.69452064 1 102
111  34.74839276  137.69449241 1 102
111  34.74848001  137.69448442 1 102
111  34.74855478  137.69450549 1 102
111  34.74859942  137.69453036 1 102
111  34.74862260  137.69458893 1 102
111  34.74860206  137.69571464 1 102
111  34.74859240  137.69573676 1 102
111  34.74856438  137.69575591 1 102
111  34.74835318  137.69575408 1 102
111  34.74798810  137.69574497 1 102
111  34.74763367  137.69574349 1 102
111  34.74760232  137.69573885 1 102
111  34.74758099  137.69571821 1 102
111  34.74757364  137.69568681 1 102
115  34.74757559  137.69538726
120 Linear Feature 19
111  34.75194492  137.69230788 1
111  34.75199460  137.69219763 1
112  34.75211733  137.69211227  34.75212317  137.69211227 1
115  34.75228682  137.69210516
120 Linear Feature 18
111  34.75195753  137.69189858 1
111  34.75202182  137.69202377 1
111  34.75212468  137.69208246 1
111  34.75229504  137.69210593 1
115  34.75339496  137.69210629
120 Linear Feature 17
111  34.75024757  137.70281117 1
112  34.75021257  137.70256029  34.75020868  137.70255082 1
111  34.75013089  137.70238041 1
111  34.75000254  137.70224314 1
111  34.74989363  137.70222893 1
111  34.74972250  137.70222420 1
111  34.74956303  137.70223840 1
111  34.74946190  137.70229047 1
111  34.74935689  137.70237094 1
115  34.74925187  137.70262183
120 Linear Feature 16
111  34.75025960  137.70181625 1
111  34.75021301  137.70201157 1
111  34.75013018  137.70211868 1
111  34.75000594  137.70220058 1
111  34.74988687  137.70222578 1
111  34.74976780  137.70220688 1
111  34.74967462  137.70211868 1
115  34.74932777  137.70072627
120 Linear Feature 7
111  34.74810536  137.69311848
111  34.74807232  137.69325481
111  34.74802166  137.69337266
111  34.74793708  137.69344709
111  34.74742076  137.69394612
111  34.74736091  137.69401521
111  34.74731830  137.69410171
111  34.74729702  137.69421104
111  34.74730034  137.69435154
111  34.74733616  137.69444591
111  34.74741062  137.69451059
111  34.74750601  137.69453032
111  34.74762098  137.69450466
111  34.74767374  137.69445870
111  34.74773960  137.69438402
111  34.74782967  137.69433556
115  34.74793633  137.69431610
120 Linear Feature 6
111  34.74811691  137.69253076
111  34.74810176  137.69260832
111  34.74807841  137.69267561
111  34.74804911  137.69272945
111  34.74799591  137.69278501
111  34.74743186  137.69337080
111  34.74738052  137.69342463
111  34.74733778  137.69349687
111  34.74731743  137.69355730
115  34.74730492  137.69363908
120 Linear Feature 5
111  34.74820014  137.69196497 1
111  34.74813175  137.69197479 1
111  34.74806907  137.69200962 1
111  34.74801526  137.69205632 1
111  34.74747006  137.69264508 1
111  34.74740976  137.69271256 1
111  34.74736430  137.69278808 1
111  34.74733613  137.69287796 1
115  34.74732292  137.69298633
120 Linear Feature 4
111  34.74834274  137.69196815 1 101
111  34.74771760  137.69195685 1 101
111  34.74757735  137.69197266 1 101
112  34.74743877  137.69204719  34.74739188  137.69209440 1 101
111  34.74734937  137.69220516 1 101
111  34.74734105  137.69235189 1 101
111  34.74729489  137.69396761 1 101
111  34.74730110  137.69413079 1 101
111  34.74735657  137.69423991 1 101
111  34.74744623  137.69430573 1 101
112  34.74753272  137.69431775  34.74754311  137.69431775 1 101
115  34.74841543  137.69432023
120 Linear Feature 15
111  34.74844261  137.69431945 1 101
111  34.74857352  137.69433513 1 101
111  34.74866113  137.69438104 1 101
111  34.74871892  137.69446602 1 101
115  34.74875175  137.69460575
120 Linear Feature 14
111  34.74880817  137.69165893 1 101
111  34.74877436  137.69180883 1 101
111  34.74871640  137.69190876 1 101
111  34.74867051  137.69195285 1 101
115  34.74858599  137.69197343
120 Linear Feature 13
111  34.74876472  137.69395723 1 101
111  34.74872607  137.69414287 1 101
111  34.74863085  137.69425980 1 101
111  34.74844226  137.69431956 1 101
111  34.74825837  137.69427013 1 101
111  34.74816257  137.69418206 1 101
111  34.74809064  137.69401685 1 101
111  34.74812112  137.69218961 1 101
111  34.74813937  137.69209434 1 101
111  34.74821772  137.69198763 1 101
111  34.74833946  137.69196692 1 101
111  34.74863591  137.69198170 1 101
111  34.74871373  137.69204593 1 101
111  34.74876802  137.69213511 1 101
115  34.74879422  137.69232500
120 Linear Feature 12
111  34.75013356  137.71439238 1 101
111  34.75006510  137.71456421 1 101
111  34.74996677  137.71467876 1 101
111  34.74979970  137.71469438 1 101
111  34.74967996  137.71463171 1 101
111  34.74958172  137.71449125 1 101
111  34.74890940  137.71322570 1 101
111  34.74885311  137.71312913 1 101
111  34.74882389  137.71305145 1 101
111  34.74880553  137.71293707 1 101
111  34.74880562  137.71266788 1 101
111  34.74884933  137.70597054 1 101
111  34.74885286  137.70589308 1 101
111  34.74886701  137.70579411 1 101
111  34.74917152  137.70396524 1 101
111  34.74918863  137.70388714 1 101
111  34.74919719  137.70380382 1 101
111  34.74931445  137.70074240 1 101
111  34.74928986  137.70059417 1 101
111  34.74872041  137.69839723 1 101
111  34.74869721  137.69828920 1 101
111  34.74868554  137.69816140 1 101
111  34.74881744  137.69100942 1 101
111  34.74884332  137.69083301 1 101
111  34.74891062  137.69066290 1 101
111  34.74986332  137.68953812 1 101
111  34.74991823  137.68949602 1 101
111  34.74999955  137.68945299 1 101
111  34.75011270  137.68946159 1 101
111  34.75020463  137.68946159 1 101
111  34.75028242  137.68950463 1 101
111  34.75032485  137.68959069 1 101
111  34.75035667  137.68968106 1 101
115  34.75037082  137.68981016
120 Linear Feature 11
111  34.75134163  137.71548244 1
111  34.75124997  137.71588539 1
111  34.75119994  137.71602440 1
111  34.75084128  137.71646054 1
111  34.75077289  137.71649336 1
115  34.75055546  137.71649078
120 Linear Feature 10
111  34.75038528  137.68979621 1
111  34.75041250  137.68958792 1
111  34.75051752  137.68944118 1
111  34.75064587  137.68936544 1
111  34.75094147  137.68914769 1
111  34.75104648  137.68911928 1
111  34.75156767  137.68914295 1
111  34.75173880  137.68922816 1
111  34.75187104  137.68937964 1
111  34.75192938  137.68958792 1
111  34.75197217  137.69008970 1
111  34.75162431  137.71431126 1
111  34.75160894  137.71441012 1
111  34.75134275  137.71547984 1
111  34.75127048  137.71564099 1
111  34.75118102  137.71581613 1
111  34.75067928  137.71643152 1
111  34.75055968  137.71649083 1
111  34.75044416  137.71650124 1
111  34.75033293  137.71649604 1
111  34.75026019  137.71647000 1
111  34.75019174  137.71638148 1
111  34.75013184  137.71620965 1
115  34.75011473  137.71603261
120 Linear Feature 9
111  34.74833672  137.69113502 1 102
111  34.74832875  137.69167919 1 102
111  34.74834588  137.69173345 1 102
111  34.74840285  137.69178434 1 102
111  34.74846209  137.69180854 1 102
111  34.74851974  137.69180799 1 102
111  34.74857315  137.69179231 1 102
111  34.74861413  137.69175722 1 102
111  34.74865743  137.69171381 1 102
111  34.74866427  137.69164517 1 102
111  34.74867941  137.69104126 1 102
111  34.74873254  137.69070178 1 102
111  34.74882552  137.69051103 1 102
111  34.74992089  137.68928903 1 102
111  34.75005779  137.68929424 1 102
115  34.75016475  137.68925779
120 Linear Feature 8
111  34.74862702  137.69399546 1 102
111  34.74859703  137.69406717 1 102
111  34.74854501  137.69410300 1 102
111  34.74845386  137.69411959 1 102
111  34.74839249  137.69411028 1 102
111  34.74833540  137.69408001 1 102
111  34.74830466  137.69401155 1 102
111  34.74831534  137.69227476 1 102
111  34.74833539  137.69221268 1 102
111  34.74838406  137.69216954 1 102
111  34.74842424  137.69215231 1 102
111  34.74847452  137.69213851 1 102
111  34.74853286  137.69214231 1 102
111  34.74858078  137.69216319 1 102
111  34.74861751  137.69220165 1 102
111  34.74864831  137.69224899 1 102
111  34.74866074  137.69230671 1 102
115  34.74862658  137.69399583
120 Linear Feature 4
111  34.74999207  137.70192502 1 102
111  34.74992620  137.70198381 1 102
111  34.74986253  137.70197312 1 102
111  34.74981643  137.70194105 1 102
111  34.74976593  137.70185555 1 102
111  34.74971544  137.70168988 1 102
111  34.74888309  137.69856613 1 102
111  34.74884419  137.69843273 1 102
111  34.74883005  137.69834236 1 102
111  34.74882651  137.69823478 1 102
111  34.74881944  137.69809708 1 102
111  34.74894645  137.69106083 1 102
111  34.74897827  137.69086288 1 102
112  34.74902777  137.69073378  34.74902777  137.69072948 1 102
112  34.74910910  137.69058317  34.74911263  137.69057887 1 102
111  34.74927882  137.69038091 1 102
111  34.74985545  137.68970365 1 102
112  34.74991254  137.68966892  34.74991693  137.68966624 1 102
111  34.74998279  137.68964220 1 102
111  34.75003987  137.68964220 1 102
111  34.75007720  137.68964754 1 102
111  34.75010135  137.68966624 1 102
115  34.75011452  137.68969297
120 Linear Feature 3
111  34.74985069  137.71439114 1 102
111  34.74981620  137.71441486 1 102
111  34.74975622  137.71442764 1 102
111  34.74969623  137.71441304 1 102
111  34.74964075  137.71438019 1 102
111  34.74959427  137.71431631 1 102
111  34.74898596  137.71316920 1 102
111  34.74894490  137.71308984 1 102
111  34.74891109  137.71300754 1 102
111  34.74889901  137.71288704 1 102
111  34.74888694  137.71273126 1 102
111  34.74888694  137.71266072 1 102
111  34.74893278  137.70595169 1 102
111  34.74893937  137.70586135 1 102
111  34.74895587  137.70578507 1 102
111  34.74924903  137.70394631 1 102
111  34.74926762  137.70379759 1 102
111  34.74927028  137.70364240 1 102
111  34.74931618  137.70277529 1 102
111  34.74935154  137.70266341 1 102
111  34.74942580  137.70257734 1 102
111  34.74951773  137.70249988 1 102
111  34.74963795  137.70244824 1 102
111  34.74974756  137.70242242 1 102
111  34.74987131  137.70242673 1 102
111  34.74993496  137.70246976 1 102
111  34.74996325  137.70253861 1 102
115  34.74999153  137.70259456
120 Linear Feature 2
111  34.75051405  137.70250514 1 102
112  34.75055304  137.70246133  34.75055604  137.70245951 1 102
111  34.75059203  137.70244308 1 102
111  34.75065801  137.70243031 1 102
111  34.75150226  137.70243761 1 102
111  34.75159965  137.70245173 1 102
111  34.75163594  137.70248385 1 102
111  34.75167718  137.70254207 1 102
111  34.75171182  137.70262237 1 102
111  34.75172501  137.70272476 1 102
111  34.75156682  137.71409150 1 102
111  34.75155913  137.71421499 1 102
111  34.75153438  137.71442585 1 102
111  34.75148488  137.71464533 1 102
111  34.75133991  137.71523489 1 102
111  34.75128687  137.71534678 1 102
111  34.75123383  137.71543284 1 102
111  34.75058028  137.71627746 1 102
111  34.75052981  137.71631303 1 102
111  34.75049793  137.71632919 1 102
111  34.75044480  137.71631949 1 102
111  34.75039964  137.71629686 1 102
111  34.75037839  137.71625159 1 102
115  34.75035979  137.71620310
120 Linear Feature 1
111  34.75059302  137.69001223 1 102
111  34.75060266  137.68970708 1 102
111  34.75066374  137.68962493 1 102
111  34.75075695  137.68951930 1 102
111  34.75085981  137.68944497 1 102
111  34.75094982  137.68939411 1 102
112  34.75105268  137.68937846  34.75105589  137.68937846 1 102
111  34.75154449  137.68940584 1 102
111  34.75165699  137.68948800 1 102
111  34.75173414  137.68959754 1 102
111  34.75178878  137.68971491 1 102
111  34.75182414  137.68985574 1 102
111  34.75185307  137.69005527 1 102
111  34.75173906  137.70199386 1 102
111  34.75172843  137.70206822 1 102
111  34.75169656  137.70214258 1 102
111  34.75165671  137.70219108 1 102
111  34.75160889  137.70222018 1 102
111  34.75155045  137.70223635 1 102
111  34.75148138  137.70224928 1 102
111  34.75139371  137.70223635 1 102
111  34.75075250  137.70221659 1 102
111  34.75066484  137.70220237 1 102
111  34.75060931  137.70220592 1 102
111  34.75056840  137.70219170 1 102
111  34.75054635  137.70217223 1 102
111  34.75052457  137.70213469 1 102
115  34.75051006  137.70206844
120 Linear Feature 7
111  34.75246884  137.69100152 1 102
111  34.75248053  137.69161325 1 102
111  34.75245423  137.69173061 1 102
111  34.75243377  137.69180175 1 102
111  34.75241331  137.69185154 1 102
111  34.75238701  137.69189066 1 102
111  34.75230812  137.69191200 1 102
111  34.75221168  137.69191200 1 102
111  34.75215032  137.69189777 1 102
111  34.75208603  137.69185865 1 102
111  34.75205096  137.69175907 1 102
111  34.75203635  137.69162747 1 102
111  34.75206557  137.69013016 1 102
111  34.75206809  137.69006192 1 102
111  34.75209005  137.68993633 1 102
112  34.75213615  137.68986685  34.75214055  137.68986418 1 102
115  34.75271137  137.68934579
120 Linear Feature 21
111  34.75188408  137.69654948 1
111  34.75192498  137.69644842 1
111  34.75198818  137.69640769 1
115  34.75210963  137.69637602
120 Linear Feature 20
111  34.75189189  137.69617697 1
111  34.75191527  137.69629434 1
111  34.75198540  137.69635480 1
111  34.75211105  137.69637614 1
115  34.75312767  137.69636576
120 Linear Feature 6
111  34.75240026  137.69594513 1 102
111  34.75237642  137.69607407 1 102
111  34.75234986  137.69613873 1 102
111  34.75232571  137.69617107 1 102
111  34.75228224  137.69620634 1 102
111  34.75224242  137.69623747 1 102
111  34.75218081  137.69625225 1 102
111  34.75210953  137.69625066 1 102
111  34.75206241  137.69623906 1 102
111  34.75201417  137.69620928 1 102
111  34.75198036  137.69616225 1 102
111  34.75196377  137.69611704 1 102
111  34.75196298  137.69604355 1 102
111  34.75196466  137.69594021 1 102
111  34.75196584  137.69582136 1 102
111  34.75202563  137.69266183 1 102
111  34.75202853  137.69254920 1 102
111  34.75203743  137.69247545 1 102
111  34.75205503  137.69240478 1 102
111  34.75208061  137.69235553 1 102
111  34.75215446  137.69231181 1 102
111  34.75222431  137.69229723 1 102
112  34.75227222  137.69229480  34.75228619  137.69229237 1 102
111  34.75234008  137.69230452 1 102
111  34.75238598  137.69233853 1 102
111  34.75242191  137.69239197 1 102
111  34.75245185  137.69245513 1 102
111  34.75247380  137.69254501 1 102
111  34.75246981  137.69264461 1 102
115  34.75240107  137.69594085
120 Linear Feature 5
111  34.75197318  137.69673217 1 102
111  34.75197992  137.69663541 1 102
112  34.75202902  137.69654116  34.75203545  137.69654116 1 102
111  34.75211290  137.69650157 1 102
111  34.75223855  137.69650288 1 102
111  34.75231462  137.69653868 1 102
111  34.75236371  137.69660353 1 102
111  34.75239439  137.69668663 1 102
111  34.75241007  137.69677143 1 102
115  34.75239768  137.69804854
120 Linear Feature 9
111  34.75197359  137.69673802 1 102
111  34.75170230  137.71425499 1 102
111  34.75169827  137.71438179 1 102
111  34.75162842  137.71464672 1 102
111  34.75139232  137.71562132 1 102
111  34.75139485  137.71601418 1 102
111  34.75053764  137.71706680 1 102
111  34.75032474  137.71707689 1 102
115  34.75031092  137.71707016
120 Linear Feature 8
111  34.75263217  137.68917464 1 102
111  34.75210309  137.68960043 1 102
111  34.75206253  137.68920609 1 102
111  34.75191034  137.68881054 1 102
111  34.75108492  137.68877304 1 102
115  34.75060055  137.68915923
120 Default hold RWY 09 (near)
111  34.75096633  137.68940615 54
115  34.75098000  137.68884515
120 Default hold RWY 09 (centre)
111  34.75057983  137.70244894 54
115  34.75058284  137.70220128
120 Linear Feature 13
111  34.74989285  137.71533440 1 102
111  34.74964051  137.71487842 1 102
111  34.74935186  137.71481484 1 102
111  34.74910587  137.71429028 1 102
111  34.74910161  137.71377125 1 102
111  34.74872620  137.71310112 1 102
111  34.74874945  137.70589732 1 102
111  34.74911803  137.70390428 1 102
111  34.74916983  137.70071487 1 102
111  34.74855165  137.69829208 1 102
111  34.74858134  137.69700660 1 102
111  34.74856565  137.69698000 1 102
111  34.74853171  137.69697283 1 102
111  34.74757387  137.69697705 1 102
115  34.74757094  137.69738028
120 Default hold RWY 09 (far)
111  34.75060404  137.71694287 54
115  34.75061367  137.71623902
21  34.75092204  137.69216117 2 90.7000 3.00 New Light Fixture 5
21  34.74966960  137.71334087 2 270.7000 2.50 New Light Fixture 4
54 12620 TWR
55 12795 TCA
55 12010 APP
56 12010 DEP

1   2182 1 0 RJAF MATSUMOTO
100 46.00 1 0 0.25 1 3 0 18  36.17565800  137.92093600    0   58 2 5 0 0 36  36.15785800  137.92440300    0   58 2 0 0 1
110 1 0.25 36.0300 xxx
111  36.16396598  137.92500974
111  36.16427654  137.92528953
111  36.16450242  137.92490486
113  36.16419186  137.92462507
110 1 0.25 36.0300 xxx
111  36.16572994  137.92444495
111  36.16584086  137.92454488
111  36.16588926  137.92446245
113  36.16577834  137.92436252
110 1 0.25 36.0300 xxx
111  36.16376758  137.92349914
111  36.16407814  137.92377893
111  36.16430402  137.92339426
113  36.16399346  137.92311447
110 1 0.25 81.0300 xxx
111  36.16554453  137.92315377
111  36.16573399  137.92464052
111  36.16581527  137.92462463
113  36.16562581  137.92313788
110 1 0.25 81.0300 xxx
111  36.16393867  137.92347080
111  36.16412813  137.92495753
111  36.16433133  137.92491780
113  36.16414187  137.92343107
110 2 0.25 171.0300 xxx
111  36.16603804  137.92442173
111  36.16578877  137.92447047
111  36.16581016  137.92463827
113  36.16605943  137.92458953
110 2 0.25 81.0300 xxx
111  36.16550961  137.92468453
111  36.16565117  137.92579541
111  36.16620119  137.92568787
113  36.16605963  137.92457699
110 2 0.25 171.0300 xxx
111  36.16485896  137.92481794
111  36.16365868  137.92505262
111  36.16378484  137.92604266
113  36.16498512  137.92580798

1     16 0 0 RJN1 FUJIGAWA gliding field
100 30.00 1 0 0.25 0 0 0 18  35.12386600  138.63107800    0   95 0 0 0 0 36  35.11759200  138.63248300    0   50 0 0 0 0
110 3 0.00 0.0000 New Taxiway 1
111  35.12468273  138.63072714
111  35.12454548  138.62985403
111  35.12068621  138.63069527
113  35.12082248  138.63159674
120 Linear Feature 4
111  35.12075946  138.63160554 20
115  35.12080720  138.63192981
120 Linear Feature 3
111  35.12066608  138.63162529 20
115  35.12071490  138.63195057
120 Linear Feature 2
111  35.12071246  138.63161783 20
115  35.12076128  138.63193864
14  35.12391971  138.63034149   6.56 0 New Tower Viewpoint 2
1300  35.12423736  138.63042867  98.43 gate props PARK1
19  35.12366603  138.63141364 0 New Windsock 1
19  35.11789957  138.63278878 0 New Windsock 1

1     34 0 0 RJN2 SHIZUOKA Heliport
100 30.00 3 0 0.25 0 0 0 05  35.02432564  138.40859591    0    0 0 0 0 0 23  35.02452787  138.40889020    0    0 0 0 0 0
100 30.00 3 0 0.25 0 0 0 06  35.02435054  138.40857464    0    0 0 0 0 0 24  35.02450228  138.40891200    0    0 0 0 0 0
102 H2  35.02442594  138.40874172 230.00 35.00 30.00 1 0 0 0.25 1
102 H1  35.02442652  138.40874306  61.22 35.00 30.00 1 0 0 0.25 1
110 1 0.00 0.0000 New Taxiway 1
111  35.02433645  138.40858506 102
111  35.02423338  138.40865307 102
111  35.02424395  138.40867996 102
111  35.02422323  138.40870255 102
111  35.02431409  138.40883765 102
111  35.02438270  138.40899162 102
111  35.02440866  138.40897427 102
111  35.02442473  138.40899691 102
111  35.02451435  138.40890483 102
111  35.02461942  138.40883388 102
111  35.02460953  138.40880746 102
111  35.02463178  138.40878482 102
111  35.02453969  138.40864972 102
111  35.02446957  138.40849645 102
111  35.02444424  138.40851285 102
113  35.02442850  138.40849035 102
110 2 0.00 32.0000 New Taxiway 1
111  35.02253832  138.40847591 20 102
111  35.02396582  138.40953440 20 102
111  35.02428908  138.40891041 20 102
111  35.02416365  138.40880189 20 102
111  35.02422304  138.40870206 20 102
111  35.02424388  138.40867996 20 102
111  35.02423237  138.40865318 20 102
111  35.02431835  138.40859685 20 102
111  35.02372345  138.40825218 20 102
113  35.02297746  138.40769041 20 102
130 Airport Boundary 2
111  35.02253080  138.40847857
111  35.02397866  138.40954370
111  35.02430069  138.40890970
111  35.02417867  138.40879890
111  35.02422404  138.40871867
111  35.02431008  138.40884666
111  35.02438047  138.40900330
111  35.02442896  138.40900521
111  35.02463546  138.40883138
111  35.02464328  138.40875115
111  35.02445037  138.40846019
111  35.02432843  138.40857931
111  35.02373093  138.40823684
113  35.02298101  138.40767474
120 Linear Feature 6
112  35.02294874  138.40815076  35.02292967  138.40818669 51
112  35.02285216  138.40817556  35.02282148  138.40815278 51
112  35.02283019  138.40806015  35.02284926  138.40802472 51
114  35.02292760  138.40803130  35.02295869  138.40805711 51
120 Linear Feature 5
112  35.02312115  138.40827869  35.02310183  138.40831533 51
112  35.02302400  138.40830415  35.02299297  138.40827869 51
112  35.02300263  138.40818613  35.02302247  138.40814887 51
114  35.02309928  138.40815880  35.02313031  138.40818303 51
120 Linear Feature 4
112  35.02328603  138.40841483  35.02326535  138.40845236 51
112  35.02318767  138.40844213  35.02315525  138.40841551 51
112  35.02316420  138.40832338  35.02318376  138.40828926 51
114  35.02326311  138.40829472  35.02329553  138.40832270 51
120 Linear Feature 3
112  35.02347421  138.40855747  35.02345390  138.40859751 51
112  35.02337763  138.40858545  35.02334590  138.40856126 51
112  35.02335497  138.40846515  35.02337738  138.40842193 51
114  35.02345105  138.40843804  35.02347896  138.40845981 51
120 Linear Feature 2
112  35.02366117  138.40869610  35.02364222  138.40873354 51
112  35.02356159  138.40872404  35.02352852  138.40869868 51
112  35.02353872  138.40860286  35.02355762  138.40856585 51
114  35.02363729  138.40857400  35.02366990  138.40859943 51
120 Linear Feature 1
112  35.02391932  138.40870485  35.02397530  138.40874589 51
112  35.02395549  138.40889449  35.02392620  138.40895353 51
112  35.02380042  138.40893867  35.02375142  138.40890113 51
114  35.02376300  138.40874771  35.02379309  138.40869033 51
120 Linear Feature 12
111  35.02346035  138.40822013 51 101
112  35.02339534  138.40819781  35.02337188  138.40819781 51 101
112  35.02333943  138.40821116  35.02330850  138.40822554 51 101
112  35.02328754  138.40825772  35.02327284  138.40827921 51 101
115  35.02326411  138.40829585
120 Linear Feature 11
111  35.02328153  138.40808734 51 101
112  35.02322208  138.40806557  35.02320008  138.40806239 51 101
112  35.02316128  138.40807805  35.02313625  138.40808989 51 101
112  35.02311628  138.40812663  35.02310400  138.40814743 51 101
115  35.02309892  138.40815743
120 Linear Feature 8
111  35.02309480  138.40794500 51 101
112  35.02306472  138.40792966  35.02304545  138.40792668 51 101
112  35.02301340  138.40793621  35.02299687  138.40794447 51 101
112  35.02297160  138.40796782  35.02295696  138.40798377 51 101
112  35.02294316  138.40800556  35.02293666  138.40801664 51 101
115  35.02292752  138.40803209
120 Linear Feature 15
111  35.02412385  138.40859842 51 101
112  35.02403775  138.40859699  35.02400941  138.40860617 51 101
112  35.02397104  138.40862684  35.02394598  138.40865095 51 101
112  35.02394304  138.40865976  35.02393211  138.40867664 51 101
115  35.02391967  138.40870296
120 Linear Feature 14
111  35.02380775  138.40844865 51 101
112  35.02375972  138.40844588  35.02373452  138.40845115 51 101
112  35.02369225  138.40848303  35.02367407  138.40849976 51 101
112  35.02365761  138.40853072  35.02364393  138.40855770 51 101
115  35.02363611  138.40857268
120 Linear Feature 13
111  35.02362910  138.40834978 51 101
112  35.02358103  138.40833468  35.02355794  138.40833431 51 101
112  35.02351014  138.40836020  35.02348527  138.40837832 51 101
112  35.02346881  138.40840864  35.02345822  138.40842794 51 101
115  35.02345170  138.40843653
120 Linear Feature 3
111  35.02425440  138.40866096 51 101
111  35.02368250  138.40839023 51 101
111  35.02313685  138.40797665 51 101
115  35.02309543  138.40794470
120 Linear Feature 17
111  35.02379086  138.40903604 21
115  35.02271760  138.40823001
120 Linear Feature 4
111  35.02442644  138.40851230 51
111  35.02423914  138.40870368 51
111  35.02442599  138.40897703 51
113  35.02460962  138.40878629 51
120 Linear Feature 3
111  35.02446606  138.40851469 51
111  35.02424846  138.40865753 51
111  35.02438996  138.40897046 51
113  35.02460423  138.40882963 51
120 Linear Feature 5
111  35.02426521  138.40863059 51
111  35.02368225  138.40829586 51
115  35.02295765  138.40774148
14  35.02402297  138.40915097  32.81 0 New Tower Viewpoint 1
99
